20 # total generations
20 # population p1
20 # population p2
0.10064 0.281474 0 1
0.876194 0.576049 0 1
0.00417238 0.0532355 0 1
0.311525 0.431384 0 1
0.851698 0.053025 0 1
0.188364 0.60457 0 1
0.724991 0.937205 0 1
0.26469 0.387976 0 1
0.824371 0.887335 0 1
0.653058 0.498782 0 1
0.349601 0.0543944 0 1
0.195861 0.68068 0 1
0.316502 0.0448311 0 1
0.255719 0.0854818 0 1
0.385371 0.801227 0 1
0.315424 0.100953 0 1
0.18186 0.98989 0 1
0.759347 0.573638 0 1
0.27273 0.855512 0 1
0.96245 0.515947 0 1
0.944428 0.789323 0 21
0.649905 0.0961506 0 21
0.584228 0.896219 0 21
0.795204 0.182976 0 21
0.816348 0.576749 0 21
0.989588 0.169289 0 21
0.0953597 0.213139 0 21
0.901324 0.428493 0 21
0.516626 0.686598 0 21
0.583692 0.826513 0 21
0.920632 0.467494 0 21
0.919142 0.270339 0 21
0.37545 0.957573 0 21
0.431383 0.241028 0 21
0.3786 0.0872726 0 21
0.153118 0.864756 0 21
0.200642 0.223586 0 21
0.962137 0.376157 0 21
0.509465 0.63514 0 21
0.400607 0.129432 0 21
0.759347 0.573638 13.197 2
0.876194 0.576049 12.6483 2
0.724991 0.937205 12.3558 2
0.653058 0.498782 11.9434 2
0.385371 0.801227 11.4507 2
0.96245 0.515947 11.0929 2
0.851698 0.053025 9.30211 2
0.27273 0.855512 9.24439 2
0.195861 0.68068 8.48753 2
0.311525 0.431384 8.1739 2
0.84054 0.880298 0 2
0.360423 0.911964 0 2
0.827725 0.845755 0 2
0.253782 0.377603 0 2
0.281545 0.871435 0 2
0.81097 0.857379 0 2
0.808197 0.857189 0 2
0.211112 0.633872 0 2
0.820424 0.0583449 0 2
0.810306 0.69623 0 2
0.0953597 0.213139 11.3851 22
0.431383 0.241028 10.7127 22
0.400607 0.129432 10.5786 22
0.3786 0.0872726 10.387 22
0.649905 0.0961506 7.66524 22
0.795204 0.182976 7.48537 22
0.153118 0.864756 7.38996 22
0.509465 0.63514 6.8503 22
0.516626 0.686598 6.24334 22
0.919142 0.270339 5.89682 22
0.3483 0.1174 0 22
0.195253 0.244242 0 22
0.192215 0.226236 0 22
0.641518 0.215099 0 22
0.23316 0.21878 0 22
0.190887 0.133023 0 22
0.224497 0.073943 0 22
0.210632 0.477504 0 22
0.200489 0.868879 0 22
0.201106 0.115074 0 22
0.808197 0.857189 3.02539 3
0.81097 0.857379 2.97509 3
0.827725 0.845755 2.85189 3
0.759347 0.573638 2.77793 3
0.385371 0.801227 2.7223 3
0.653058 0.498782 2.26546 3
0.84054 0.880298 2.1217 3
0.876194 0.576049 1.68707 3
0.724991 0.937205 1.61564 3
0.27273 0.855512 1.35166 3
0.815819 0.673395 0 3
0.825404 0.914976 0 3
0.785146 0.659797 0 3
0.721891 0.687913 0 3
0.214479 0.695769 0 3
0.329121 0.419816 0 3
0.840417 0.714035 0 3
0.833501 0.583871 0 3
0.861242 0.712563 0 3
0.22046 0.639506 0 3
0.192215 0.226236 4.54381 23
0.195253 0.244242 4.51507 23
0.210632 0.477504 3.97007 23
0.190887 0.133023 3.68752 23
0.201106 0.115074 3.60171 23
0.431383 0.241028 3.2148 23
0.224497 0.073943 2.96301 23
0.0953597 0.213139 2.93895 23
0.3483 0.1174 2.8288 23
0.400607 0.129432 2.60511 23
0.233339 0.123648 0 23
0.203191 0.265939 0 23
0.38716 0.21495 0 23
0.20259 0.101979 0 23
0.239266 0.248584 0 23
0.205563 0.240807 0 23
0.194708 0.239422 0 23
0.479544 0.213269 0 23
0.199323 0.305567 0 23
0.05514 0.201492 0 23
0.329121 0.419816 2.54799 4
0.214479 0.695769 2.41141 4
0.22046 0.639506 2.32639 4
0.785146 0.659797 2.02381 4
0.759347 0.573638 1.89115 4
0.721891 0.687913 1.86178 4
0.27273 0.855512 1.84559 4
0.815819 0.673395 1.83366 4
0.653058 0.498782 1.79012 4
0.840417 0.714035 1.50749 4
0.307375 0.802296 0 4
0.841517 0.818749 0 4
0.262387 0.831338 0 4
0.725758 0.674383 0 4
0.384242 0.777406 0 4
0.651546 0.79824 0 4
0.391071 0.785703 0 4
0.286771 0.813802 0 4
0.41072 0.678442 0 4
0.371624 0.837707 0 4
0.203191 0.265939 2.29794 24
0.194708 0.239422 2.28337 24
0.192215 0.226236 2.28 24
0.195253 0.244242 2.27922 24
0.210632 0.477504 2.27569 24
0.199323 0.305567 2.22565 24
0.239266 0.248584 2.18605 24
0.38716 0.21495 1.61211 24
0.431383 0.241028 1.31819 24
0.479544 0.213269 1.23312 24
0.386856 0.262094 0 24
0.159544 0.182846 0 24
0.23891 0.221005 0 24
0.372068 0.243737 0 24
0.23745 0.213688 0 24
0.247772 0.507002 0 24
0.216103 0.254174 0 24
0.230862 0.230962 0 24
0.230953 0.236739 0 24
0.224206 0.127007 0 24
0.307375 0.802296 1.3816 5
0.391071 0.785703 1.31416 5
0.384242 0.777406 1.29885 5
0.286771 0.813802 1.21087 5
0.214479 0.695769 1.09244 5
0.22046 0.639506 1.08503 5
0.41072 0.678442 0.982476 5
0.262387 0.831338 0.957565 5
0.651546 0.79824 0.794316 5
0.371624 0.837707 0.760601 5
0.328495 0.424111 0 5
0.334477 0.663853 0 5
0.767728 0.427421 0 5
0.330644 0.809432 0 5
0.320307 0.821098 0 5
0.293823 0.835918 0 5
0.664731 0.440437 0 5
0.335273 0.772933 0 5
0.280926 0.423353 0 5
0.318124 0.436046 0 5
0.23891 0.221005 1.75687 25
0.230862 0.230962 1.74922 25
0.210632 0.477504 1.74564 25
0.230953 0.236739 1.73317 25
0.216103 0.254174 1.7282 25
0.203191 0.265939 1.71565 25
0.247772 0.507002 1.71159 25
0.239266 0.248584 1.68109 25
0.194708 0.239422 1.67889 25
0.195253 0.244242 1.67694 25
0.265084 0.239105 0 25
0.174364 0.205973 0 25
0.197712 0.238075 0 25
0.22206 0.488608 0 25
0.235456 0.313056 0 25
0.241038 0.212385 0 25
0.226427 0.272447 0 25
0.254453 0.204508 0 25
0.221007 0.234188 0 25
0.170623 0.264088 0 25
0.22046 0.639506 1.40741 6
0.214479 0.695769 1.39511 6
0.307375 0.802296 1.21356 6
0.318124 0.436046 1.19111 6
0.286771 0.813802 1.17654 6
0.328495 0.424111 1.13217 6
0.262387 0.831338 1.0814 6
0.335273 0.772933 0.956887 6
0.330644 0.809432 0.921105 6
0.320307 0.821098 0.794815 6
0.339475 0.748905 0 6
0.230653 0.680686 0 6
0.307336 0.834651 0 6
0.307329 0.372461 0 6
0.291818 0.416019 0 6
0.279125 0.797745 0 6
0.345869 0.793003 0 6
0.278364 0.817049 0 6
0.327067 0.645853 0 6
0.297382 0.646528 0 6
0.241038 0.212385 0.798441 26
0.23891 0.221005 0.776754 26
0.221007 0.234188 0.759883 26
0.230862 0.230962 0.758176 26
0.230953 0.236739 0.744825 26
0.265084 0.239105 0.719989 26
0.216103 0.254174 0.718606 26
0.239266 0.248584 0.713724 26
0.197712 0.238075 0.689755 26
0.203191 0.265939 0.685704 26
0.245231 0.183027 0 26
0.254988 0.29327 0 26
0.28018 0.242979 0 26
0.227348 0.208027 0 26
0.235013 0.205621 0 26
0.252781 0.230085 0 26
0.207528 0.232031 0 26
0.19971 0.229052 0 26
0.22927 0.23546 0 26
0.257595 0.177968 0 26
0.279125 0.797745 0.887218 7
0.291818 0.416019 0.884965 7
0.230653 0.680686 0.685992 7
0.307375 0.802296 0.632665 7
0.278364 0.817049 0.621518 7
0.286771 0.813802 0.606894 7
0.318124 0.436046 0.585199 7
0.328495 0.424111 0.564502 7
0.22046 0.639506 0.544978 7
0.214479 0.695769 0.544686 7
0.238784 0.672721 0 7
0.334787 0.390852 0 7
0.284976 0.356415 0 7
0.314226 0.387367 0 7
0.327781 0.388071 0 7
0.312169 0.831616 0 7
0.311408 0.386954 0 7
0.211098 0.6146 0 7
0.316992 0.646358 0 7
0.316167 0.806656 0 7
0.227348 0.208027 0.437673 27
0.241038 0.212385 0.415621 27
0.23891 0.221005 0.394393 27
0.230862 0.230962 0.377649 27
0.221007 0.234188 0.369917 27
0.22927 0.23546 0.367226 27
0.230953 0.236739 0.364181 27
0.252781 0.230085 0.360974 27
0.207528 0.232031 0.35366 27
0.19971 0.229052 0.33984 27
0.2522 0.193383 0 27
0.226118 0.182692 0 27
0.237907 0.243525 0 27
0.227111 0.228726 0 27
0.180337 0.270675 0 27
0.207469 0.213384 0 27
0.235378 0.233979 0 27
0.193422 0.205699 0 27
0.24208 0.189376 0 27
0.245412 0.186555 0 27
0.279125 0.797745 0.873307 8
0.291818 0.416019 0.81713 8
0.311408 0.386954 0.816526 8
0.230653 0.680686 0.793722 8
0.314226 0.387367 0.793066 8
0.238784 0.672721 0.791003 8
0.327781 0.388071 0.689933 8
0.214479 0.695769 0.667147 8
0.22046 0.639506 0.657522 8
0.334787 0.390852 0.624872 8
0.312408 0.370176 0 8
0.284208 0.342806 0 8
0.302885 0.37077 0 8
0.259404 0.840261 0 8
0.311192 0.377375 0 8
0.363348 0.354446 0 8
0.236768 0.358618 0 8
0.274045 0.655667 0 8
0.24107 0.683515 0 8
0.315472 0.334999 0 8
0.207469 0.213384 0.569962 28
0.221007 0.234188 0.551488 28
0.227111 0.228726 0.551387 28
0.241038 0.212385 0.547023 28
0.230862 0.230962 0.544435 28
0.207528 0.232031 0.543601 28
0.22927 0.23546 0.540897 28
0.23891 0.221005 0.54059 28
0.230953 0.236739 0.537381 28
0.235378 0.233979 0.530987 28
0.188878 0.238499 0 28
0.211336 0.246872 0 28
0.203742 0.235879 0 28
0.268211 0.252237 0 28
0.234477 0.23586 0 28
0.2224 0.217743 0 28
0.245738 0.25147 0 28
0.2335 0.212513 0 28
0.239081 0.188018 0 28
0.230883 0.195349 0 28
0.284208 0.342806 1.05317 9
0.315472 0.334999 0.864965 9
0.302885 0.37077 0.728811 9
0.312408 0.370176 0.660152 9
0.311192 0.377375 0.626277 9
0.279125 0.797745 0.587234 9
0.311408 0.386954 0.569338 9
0.291818 0.416019 0.567437 9
0.314226 0.387367 0.545873 9
0.230653 0.680686 0.533193 9
0.25515 0.401553 0 9
0.269727 0.323381 0 9
0.236524 0.343155 0 9
0.323231 0.350182 0 9
0.335784 0.782831 0 9
0.21159 0.408252 0 9
0.292857 0.769229 0 9
0.284891 0.36039 0 9
0.24234 0.704852 0 9
0.193332 0.338425 0 9
0.2224 0.217743 0.360564 29
0.230862 0.230962 0.358103 29
0.227111 0.228726 0.358053 29
0.22927 0.23546 0.357827 29
0.230953 0.236739 0.357765 29
0.221007 0.234188 0.357189 29
0.234477 0.23586 0.354269 29
0.235378 0.233979 0.353454 29
0.23891 0.221005 0.349954 29
0.241038 0.212385 0.346587 29
0.210561 0.204266 0 29
0.188668 0.218764 0 29
0.216116 0.234591 0 29
0.221375 0.237043 0 29
0.180432 0.197285 0 29
0.217794 0.222118 0 29
0.230449 0.195656 0 29
0.222689 0.205414 0 29
0.258424 0.227353 0 29
0.196538 0.171847 0 29
0.269727 0.323381 1.26974 10
0.193332 0.338425 1.03608 10
0.284208 0.342806 1.01959 10
0.25515 0.401553 0.915124 10
0.284891 0.36039 0.902119 10
0.21159 0.408252 0.882309 10
0.315472 0.334999 0.83159 10
0.302885 0.37077 0.697719 10
0.323231 0.350182 0.67459 10
0.312408 0.370176 0.629259 10
0.233183 0.364885 0 10
0.221065 0.358134 0 10
0.306722 0.377509 0 10
0.207987 0.315687 0 10
0.238948 0.359517 0 10
0.236478 0.335121 0 10
0.277677 0.331322 0 10
0.275887 0.336753 0 10
0.261368 0.351275 0 10
0.225379 0.352587 0 10
0.22927 0.23546 0.66848 30
0.221375 0.237043 0.667394 30
0.230862 0.230962 0.6667 30
0.234477 0.23586 0.665948 30
0.221007 0.234188 0.665891 30
0.216116 0.234591 0.665542 30
0.227111 0.228726 0.664917 30
0.235378 0.233979 0.664311 30
0.217794 0.222118 0.661223 30
0.2224 0.217743 0.661054 30
0.214563 0.235125 0 30
0.214923 0.218859 0 30
0.222694 0.248913 0 30
0.212558 0.248915 0 30
0.197212 0.216532 0 30
0.213489 0.244866 0 30
0.274556 0.233877 0 30
0.258885 0.251183 0 30
0.239471 0.190082 0 30
0.238157 0.224496 0 30
0.207987 0.315687 0.821395 11
0.225379 0.352587 0.751694 11
0.269727 0.323381 0.740779 11
0.221065 0.358134 0.699269 11
0.238948 0.359517 0.69806 11
0.233183 0.364885 0.68216 11
0.277677 0.331322 0.626056 11
0.261368 0.351275 0.611151 11
0.275887 0.336753 0.60343 11
0.284208 0.342806 0.494943 11
0.259742 0.383313 0 11
0.248381 0.371955 0 11
0.228723 0.462971 0 11
0.225721 0.297847 0 11
0.212591 0.344829 0 11
0.245184 0.332632 0 11
0.224861 0.328599 0 11
0.214236 0.337004 0 11
0.225819 0.321092 0 11
0.216331 0.332882 0 11
0.213489 0.244866 0.43477 31
0.222694 0.248913 0.433019 31
0.214563 0.235125 0.415435 31
0.216116 0.234591 0.413043 31
0.221375 0.237043 0.412544 31
0.221007 0.234188 0.408072 31
0.217794 0.222118 0.390955 31
0.22927 0.23546 0.390556 31
0.214923 0.218859 0.388702 31
0.227111 0.228726 0.385292 31
0.201737 0.209249 0 31
0.232154 0.25529 0 31
0.20243 0.238729 0 31
0.235401 0.238402 0 31
0.241286 0.265523 0 31
0.207675 0.251688 0 31
0.209427 0.21278 0 31
0.20526 0.208411 0 31
0.195077 0.242386 0 31
0.222076 0.246 0 31
0.225819 0.321092 0.89205 12
0.207987 0.315687 0.849541 12
0.224861 0.328599 0.841408 12
0.216331 0.332882 0.801423 12
0.214236 0.337004 0.76048 12
0.212591 0.344829 0.693188 12
0.245184 0.332632 0.686217 12
0.225379 0.352587 0.679422 12
0.221065 0.358134 0.650692 12
0.233183 0.364885 0.568648 12
0.231342 0.299888 0 12
0.304281 0.335572 0 12
0.247984 0.327168 0 12
0.209727 0.278482 0 12
0.25047 0.298461 0 12
0.210499 0.291587 0 12
0.229063 0.303258 0 12
0.226713 0.287256 0 12
0.211796 0.293322 0 12
0.193255 0.28434 0 12
0.213489 0.244866 0.226131 32
0.222694 0.248913 0.220699 32
0.222076 0.246 0.216352 32
0.214563 0.235125 0.207353 32
0.216116 0.234591 0.205326 32
0.221375 0.237043 0.200693 32
0.221007 0.234188 0.196374 32
0.20243 0.238729 0.19327 32
0.217794 0.222118 0.181309 32
0.214923 0.218859 0.179756 32
0.224791 0.232986 0 32
0.203063 0.179531 0 32
0.188136 0.195457 0 32
0.184881 0.221555 0 32
0.19235 0.269202 0 32
0.21363 0.249275 0 32
0.210204 0.224473 0 32
0.179058 0.235799 0 32
0.22727 0.280814 0 32
0.207922 0.283987 0 32
0.226713 0.287256 1.09522 13
0.210499 0.291587 1.07098 13
0.211796 0.293322 1.06638 13
0.231342 0.299888 0.956393 13
0.229063 0.303258 0.951147 13
0.193255 0.28434 0.944445 13
0.207987 0.315687 0.868898 13
0.225819 0.321092 0.847204 13
0.224861 0.328599 0.801511 13
0.25047 0.298461 0.800851 13
0.266935 0.308125 0 13
0.207188 0.236229 0 13
0.242703 0.353821 0 13
0.206179 0.306309 0 13
0.172614 0.341781 0 13
0.177076 0.299902 0 13
0.232575 0.273659 0 13
0.257761 0.277253 0 13
0.217822 0.265067 0 13
0.20889 0.300348 0 13
0.21363 0.249275 0.563995 33
0.22727 0.280814 0.5552 33
0.213489 0.244866 0.554113 33
0.20243 0.238729 0.539611 33
0.214563 0.235125 0.527882 33
0.216116 0.234591 0.519046 33
0.210204 0.224473 0.518866 33
0.222694 0.248913 0.510387 33
0.222076 0.246 0.507841 33
0.214923 0.218859 0.493931 33
0.235028 0.234524 0 33
0.20357 0.21293 0 33
0.219477 0.204048 0 33
0.185513 0.27165 0 33
0.196872 0.240051 0 33
0.223005 0.310497 0 33
0.236692 0.249716 0 33
0.245797 0.280037 0 33
0.194987 0.308333 0 33
0.253747 0.222906 0 33
0.232575 0.273659 1.0986 14
0.226713 0.287256 1.06221 14
0.207188 0.236229 1.02801 14
0.211796 0.293322 0.994827 14
0.210499 0.291587 0.991619 14
0.231342 0.299888 0.980262 14
0.229063 0.303258 0.97142 14
0.20889 0.300348 0.929175 14
0.257761 0.277253 0.925555 14
0.25047 0.298461 0.877467 14
0.226277 0.297129 0 14
0.20927 0.24908 0 14
0.201396 0.271774 0 14
0.266212 0.283079 0 14
0.254436 0.329288 0 14
0.213985 0.262744 0 14
0.21893 0.279286 0 14
0.220152 0.285081 0 14
0.238153 0.286745 0 14
0.204935 0.256303 0 14
0.21363 0.249275 0.647318 34
0.213489 0.244866 0.641765 34
0.196872 0.240051 0.625679 34
0.210204 0.224473 0.624924 34
0.214563 0.235125 0.619714 34
0.20357 0.21293 0.617469 34
0.216116 0.234591 0.607435 34
0.214923 0.218859 0.581535 34
0.222076 0.246 0.578078 34
0.222694 0.248913 0.57743 34
0.215664 0.241594 0 34
0.206754 0.250223 0 34
0.196216 0.213619 0 34
0.194876 0.33575 0 34
0.238959 0.254516 0 34
0.197856 0.267528 0 34
0.221364 0.240316 0 34
0.220341 0.230594 0 34
0.196953 0.210588 0 34
0.229547 0.215513 0 34
0.213985 0.262744 0.777051 15
0.207188 0.236229 0.768997 15
0.204935 0.256303 0.745341 15
0.21893 0.279286 0.670217 15
0.232575 0.273659 0.632732 15
0.220152 0.285081 0.630074 15
0.201396 0.271774 0.614284 15
0.226713 0.287256 0.581708 15
0.210499 0.291587 0.564331 15
0.211796 0.293322 0.561963 15
0.232579 0.257336 0 15
0.194919 0.30284 0 15
0.219 0.33146 0 15
0.206372 0.275509 0 15
0.184279 0.321503 0 15
0.200667 0.301797 0 15
0.193205 0.273044 0 15
0.228776 0.290437 0 15
0.183864 0.238939 0 15
0.185092 0.274129 0 15
0.21363 0.249275 1.02922 35
0.213489 0.244866 1.02284 35
0.215664 0.241594 1.00515 35
0.214563 0.235125 1.00091 35
0.210204 0.224473 0.99537 35
0.197856 0.267528 0.995229 35
0.216116 0.234591 0.99027 35
0.20357 0.21293 0.971477 35
0.222076 0.246 0.968535 35
0.222694 0.248913 0.968376 35
0.203328 0.259898 0 35
0.187527 0.202717 0 35
0.198603 0.185799 0 35
0.222395 0.236846 0 35
0.201202 0.250512 0 35
0.219369 0.268353 0 35
0.231385 0.261509 0 35
0.186825 0.280868 0 35
0.222081 0.304609 0 35
0.196392 0.245834 0 35
0.204935 0.256303 0.752835 16
0.232579 0.257336 0.720798 16
0.21893 0.279286 0.719315 16
0.206372 0.275509 0.694411 16
0.207188 0.236229 0.685579 16
0.220152 0.285081 0.679873 16
0.201396 0.271774 0.676553 16
0.232575 0.273659 0.663604 16
0.226713 0.287256 0.62645 16
0.210499 0.291587 0.620856 16
0.243175 0.276214 0 16
0.197448 0.229976 0 16
0.217085 0.270761 0 16
0.257467 0.27025 0 16
0.195136 0.268345 0 16
0.225137 0.270433 0 16
0.254049 0.249174 0 16
0.234225 0.249989 0 16
0.194101 0.286656 0 16
0.249025 0.312429 0 16
0.203328 0.259898 0.661602 36
0.197856 0.267528 0.63177 36
0.196392 0.245834 0.623958 36
0.20357 0.21293 0.595481 36
0.21363 0.249275 0.580447 36
0.213489 0.244866 0.579319 36
0.210204 0.224473 0.575324 36
0.214563 0.235125 0.557855 36
0.215664 0.241594 0.553485 36
0.216116 0.234591 0.538901 36
0.230997 0.232828 0 36
0.209885 0.277489 0 36
0.222944 0.24244 0 36
0.207321 0.246426 0 36
0.211614 0.317434 0 36
0.207964 0.230433 0 36
0.246076 0.267693 0 36
0.199045 0.243026 0 36
0.189099 0.286752 0 36
0.193411 0.252762 0 36
0.204935 0.256303 0.56153 17
0.206372 0.275509 0.521836 17
0.225137 0.270433 0.520769 17
0.21893 0.279286 0.514243 17
0.232579 0.257336 0.50105 17
0.207188 0.236229 0.495167 17
0.201396 0.271774 0.492438 17
0.234225 0.249989 0.490419 17
0.220152 0.285081 0.476276 17
0.232575 0.273659 0.458402 17
0.185624 0.259317 0 17
0.193974 0.27419 0 17
0.220001 0.324149 0 17
0.214927 0.285364 0 17
0.238927 0.24263 0 17
0.229687 0.230761 0 17
0.237255 0.239051 0 17
0.213388 0.233612 0 17
0.183338 0.279228 0 17
0.22217 0.308844 0 17
0.199045 0.243026 0.889798 37
0.203328 0.259898 0.884034 37
0.207964 0.230433 0.873499 37
0.21363 0.249275 0.858954 37
0.213489 0.244866 0.856844 37
0.196392 0.245834 0.849006 37
0.210204 0.224473 0.847997 37
0.20357 0.21293 0.845725 37
0.214563 0.235125 0.843699 37
0.215664 0.241594 0.841808 37
0.175977 0.249207 0 37
0.194541 0.256803 0 37
0.228686 0.248886 0 37
0.172764 0.249218 0 37
0.182572 0.258979 0 37
0.184231 0.252344 0 37
0.205478 0.225219 0 37
0.206539 0.279626 0 37
0.18628 0.253447 0 37
0.197471 0.232062 0 37
0.207188 0.236229 0.570289 18
0.201396 0.271774 0.534191 18
0.213388 0.233612 0.532553 18
0.206372 0.275509 0.526341 18
0.234225 0.249989 0.498592 18
0.232579 0.257336 0.495164 18
0.185624 0.259317 0.477944 18
0.225137 0.270433 0.467149 18
0.193974 0.27419 0.462037 18
0.21893 0.279286 0.452777 18
0.222866 0.216187 0 18
0.206755 0.300242 0 18
0.187045 0.278601 0 18
0.244738 0.274969 0 18
0.245366 0.25146 0 18
0.204396 0.25654 0 18
0.234776 0.250921 0 18
0.232154 0.231206 0 18
0.198923 0.276747 0 18
0.197451 0.229418 0 18
0.207964 0.230433 0.57154 38
0.205478 0.225219 0.5678 38
0.197471 0.232062 0.552955 38
0.210204 0.224473 0.545444 38
0.214563 0.235125 0.544049 38
0.20357 0.21293 0.542561 38
0.213489 0.244866 0.538103 38
0.215664 0.241594 0.531841 38
0.21363 0.249275 0.526045 38
0.196392 0.245834 0.524341 38
0.177505 0.246198 0 38
0.203921 0.265387 0 38
0.189247 0.219974 0 38
0.192628 0.220472 0 38
0.192435 0.193129 0 38
0.203768 0.220385 0 38
0.18536 0.234643 0 38
0.19446 0.255186 0 38
0.176189 0.212206 0 38
0.205437 0.215233 0 38
0.213388 0.233612 0.57108 19
0.197451 0.229418 0.537934 19
0.204396 0.25654 0.532353 19
0.201396 0.271774 0.403254 19
0.232154 0.231206 0.400736 19
0.206372 0.275509 0.386953 19
0.234225 0.249989 0.373561 19
0.234776 0.250921 0.363194 19
0.222866 0.216187 0.360275 19
0.185624 0.259317 0.35003 19
0.244876 0.247989 0 19
0.228425 0.25961 0 19
0.157406 0.247731 0 19
0.188367 0.294963 0 19
0.175568 0.290378 0 19
0.198638 0.22889 0 19
0.195184 0.219825 0 19
0.201065 0.221607 0 19
0.185875 0.274105 0 19
0.167405 0.259225 0 19
0.205478 0.225219 0.508643 39
0.197471 0.232062 0.500935 39
0.207964 0.230433 0.499347 39
0.20357 0.21293 0.496886 39
0.205437 0.215233 0.493908 39
0.210204 0.224473 0.473008 39
0.196392 0.245834 0.454441 39
0.214563 0.235125 0.440958 39
0.213489 0.244866 0.426883 39
0.215664 0.241594 0.415163 39
0.207231 0.299026 0 39
0.190313 0.286386 0 39
0.206245 0.255416 0 39
0.209521 0.231491 0 39
0.217371 0.201317 0 39
0.171166 0.199792 0 39
0.2074 0.180533 0 39
0.217761 0.219453 0 39
0.23183 0.235938 0 39
0.215977 0.207184 0 39
0.204396 0.25654 0.77911 20
0.198638 0.22889 0.755868 20
0.232154 0.231206 0.744968 20
0.197451 0.229418 0.744581 20
0.201065 0.221607 0.735666 20
0.222866 0.216187 0.70554 20
0.234225 0.249989 0.701095 20
0.228425 0.25961 0.698527 20
0.234776 0.250921 0.691962 20
0.206372 0.275509 0.691048 20
0.197192 0.289201 0 20
0.256622 0.207349 0 20
0.213401 0.235102 0 20
0.207937 0.278518 0 20
0.228869 0.254064 0 20
0.20779 0.297457 0 20
0.221428 0.278696 0 20
0.202765 0.276594 0 20
0.218978 0.220782 0 20
0.228021 0.219955 0 20
0.20357 0.21293 0.916386 40
0.205478 0.225219 0.909241 40
0.205437 0.215233 0.903632 40
0.207964 0.230433 0.876307 40
0.210204 0.224473 0.856958 40
0.209521 0.231491 0.855507 40
0.196392 0.245834 0.847963 40
0.214563 0.235125 0.782059 40
0.217761 0.219453 0.767478 40
0.215977 0.207184 0.76316 40
0.229621 0.204071 0 40
0.194534 0.236663 0 40
0.235169 0.248263 0 40
0.215404 0.236724 0 40
0.172336 0.263894 0 40
0.195936 0.240128 0 40
0.222099 0.21747 0 40
0.213403 0.240966 0 40
0.212542 0.258378 0 40
0.254571 0.207388 0 40
